22.2977	0 -3 > 2 -4
-29.0668	0 -7 > 3 -6
-15.6768	0 -9 > 3 -8
-63.0568	0 -7 -1 > 3 -5 -8
-40.2848	0 -7 -8 > 3 -5 -9
-7.09516	3 -1 > 0 -8
-21.365	0 -2 -7 > 29 -6 -8
-14.797	29 -1 > 0 -2
-23.045	0 -2 -7 > 62 -6 -8
-13.117	62 -1 > 0 -2
-54.9456	2 -3 -1 > 1 -4
8.24999	1 -7 > 4 -6
21.64	1 -9 > 4 -8
-25.74	1 -7 -1 > 4 -5 -8
-2.96801	1 -7 -8 > 4 -5 -9
-44.412	4 -1 > 1 -8
-8.78995	1 -2 -7 > 93 -6 -8
-27.372	93 -1 > 1 -2
-10.5336	2 -3 -8 > 4 -4
-37	24 > 2
-19.555	2 -2 -7 > 38 -6 -8
-16.607	38 -1 > 2 -2
-12.7736	2 -2 -7 > 94 -6 -8
-23.3884	94 -1 > 2 -2
25.31	5 -3 > 7 -4
-25.65	5 -7 > 8 -6
-12.26	5 -9 > 8 -8
-59.64	5 -7 -1 > 8 -5 -8
-36.868	5 -7 -8 > 8 -5 -9
-10.512	8 -1 > 5 -8
-3.08344	5 > 24 -1
-11.1881	5 -2 -7 > 67 -6 -8
-24.9739	67 -1 > 5 -2
-65.1234	7 -3 -1 > 6 -4
26.6214	6 -7 > 9 -6
40.0114	6 -9 > 9 -8
-7.36857	6 -7 -1 > 9 -5 -8
15.4034	6 -7 -8 > 9 -5 -9
-62.7834	9 -1 > 6 -8
42.0077	6 -3 > 11 -4
-7.82857	6 -7 > 12 -6
5.56143	6 -9 > 12 -8
-41.8186	6 -7 -1 > 12 -5 -8
-19.0466	6 -7 -8 > 12 -5 -9
-28.3334	12 -1 > 6 -8
11.3724	6 -2 -7 > 97 -6 -8
-47.5344	97 -1 > 6 -2
-2.34	7 -3 -8 > 9 -4
25.31	7 -3 > 14 -4
-25.65	7 -7 > 15 -6
-12.26	7 -9 > 15 -8
-59.64	7 -7 -1 > 15 -5 -8
-36.868	7 -7 -8 > 15 -5 -9
-10.512	15 -1 > 7 -8
-2.78	33 > 7
-4.38044	7 -2 -7 > 72 -6 -8
-31.7816	72 -1 > 7 -2
-6.409	7 -2 -7 > 98 -6 -8
-29.753	98 -1 > 7 -2
25.31	8 -3 > 15 -4
-25.65	8 -7 > 17 -6
-12.26	8 -9 > 17 -8
-59.64	8 -7 -1 > 17 -5 -8
-36.868	8 -7 -8 > 17 -5 -9
-10.512	17 -1 > 8 -8
22.5054	8 > 26 -1
25.31	9 -3 > 16 -4
-25.65	9 -7 > 18 -6
-12.26	9 -9 > 18 -8
-59.64	9 -7 -1 > 18 -5 -8
-36.868	9 -7 -8 > 18 -5 -9
-10.512	18 -1 > 9 -8
-31.4491	11 -3 -1 > 10 -4
-5.9292	10 -7 > 13 -6
7.4608	10 -9 > 13 -8
-39.9192	10 -7 -1 > 13 -5 -8
-17.1472	10 -7 -8 > 13 -5 -9
-30.2328	13 -1 > 10 -8
-1.21629	11 -3 -8 > 13 -4
-48.4257	14 -3 -1 > 11 -4
9.92371	11 -7 > 16 -6
23.3137	11 -9 > 16 -8
-24.0663	11 -7 -1 > 16 -5 -8
-1.29429	11 -7 -8 > 16 -5 -9
-46.0857	16 -1 > 11 -8
1.11471	11 -2 -7 > 101 -6 -8
-37.2767	101 -1 > 11 -2
-47.302	15 -3 -1 > 12 -4
8.8	12 -7 > 18 -6
22.19	12 -9 > 18 -8
-25.19	12 -7 -1 > 18 -5 -8
-2.418	12 -7 -8 > 18 -5 -9
-44.962	18 -1 > 12 -8
-47.302	16 -3 -1 > 13 -4
-2.34	14 -3 -8 > 16 -4
-166.3	34 > 14
-9.769	14 -2 -7 > 102 -6 -8
-26.393	102 -1 > 14 -2
-2.34	15 -3 -8 > 18 -4
-28.37	35 > 15
28.3809	19 -3 > 21 -4
-24.6691	19 -7 > 22 -6
-11.2791	19 -9 > 22 -8
-58.6591	19 -7 -1 > 22 -5 -8
-35.8871	19 -7 -8 > 22 -5 -9
-11.4929	22 -1 > 19 -8
-50.962	21 -3 -1 > 20 -4
10.37	20 -7 > 23 -6
23.76	20 -9 > 23 -8
-23.62	20 -7 -1 > 23 -5 -8
-0.848	20 -7 -8 > 23 -5 -9
-46.532	23 -1 > 20 -8
-4.43	21 -3 -8 > 23 -4
-9.24	50 > 21
188.822	24 -3 > 25 -4
-0.0611339	24 -7 > 26 -6
13.3289	24 -9 > 26 -8
-34.0511	24 -7 -1 > 26 -5 -8
-11.2791	24 -7 -8 > 26 -5 -9
-36.1009	26 -1 > 24 -8
-29.9536	24 -2 -7 > 110 -6 -8
-6.20844	110 -1 > 24 -2
-27.555	24 -2 -7 > 113 -6 -8
-8.607	113 -1 > 24 -2
-29.9458	25 -2 -7 > 111 -6 -8
-6.21617	111 -1 > 25 -2
5.18772	27 -3 > 36 -4
-13.4191	27 -7 > 43 -6
-0.029115	27 -9 > 43 -8
-47.4091	27 -7 -1 > 43 -5 -8
-24.6371	27 -7 -8 > 43 -5 -9
-22.7429	43 -1 > 27 -8
32.14	28 -3 > 30 -4
-27.57	28 -7 > 31 -6
-14.18	28 -9 > 31 -8
-61.56	28 -7 -1 > 31 -5 -8
-38.788	28 -7 -8 > 31 -5 -9
-8.592	31 -1 > 28 -8
17.18	28 -3 > 37 -4
-8.8	28 -7 > 44 -6
4.59	28 -9 > 44 -8
-42.79	28 -7 -1 > 44 -5 -8
-20.018	28 -7 -8 > 44 -5 -9
-27.362	44 -1 > 28 -8
-14.518	28 > 50 -1
-12.248	28 > 53 -1
19.342	28 > 81 -1
-53.3111	30 -3 -1 > 29 -4
21.8691	29 -7 > 32 -6
35.2591	29 -9 > 32 -8
-12.1209	29 -7 -1 > 32 -5 -8
10.6511	29 -7 -8 > 32 -5 -9
-58.0311	32 -1 > 29 -8
24.1077	29 -3 > 38 -4
-9.62086	29 -7 > 45 -6
3.76914	29 -9 > 45 -8
-43.6109	29 -7 -1 > 45 -5 -8
-20.8389	29 -7 -8 > 45 -5 -9
-26.5411	45 -1 > 29 -8
18.7711	29 > 109 -1
4.72	30 -3 -8 > 32 -4
14.96	37 > 30
10.47	30 -3 > 39 -4
-16.01	30 -7 > 46 -6
-2.62	30 -9 > 46 -8
-50	30 -7 -1 > 46 -5 -8
-27.228	30 -7 -8 > 46 -5 -9
-20.152	46 -1 > 30 -8
12.83	54 > 30
12.512	30 > 133 -1
17.74	31 -3 > 40 -4
18.77	31 > 44
-7.26	31 -7 > 47 -6
6.13	31 -9 > 47 -8
-41.25	31 -7 -1 > 47 -5 -8
-18.478	31 -7 -8 > 47 -5 -9
-28.902	47 -1 > 31 -8
12.992	31 > 52 -1
21.262	31 > 153 -1
3.41	32 -3 > 41 -4
31.49	45 > 32
-23.07	32 -7 > 48 -6
-9.68	32 -9 > 48 -8
-57.06	32 -7 -1 > 48 -5 -8
-34.288	32 -7 -8 > 48 -5 -9
-13.092	48 -1 > 32 -8
5.452	32 > 168 -1
188.83	33 -3 > 34 -4
-0.06	33 -7 > 35 -6
13.33	33 -9 > 35 -8
-34.05	33 -7 -1 > 35 -5 -8
-11.278	33 -7 -8 > 35 -5 -9
-36.102	35 -1 > 33 -8
-27.169	33 -2 -7 > 114 -6 -8
-8.993	114 -1 > 33 -2
-0.06	34 -7 > 42 -6
13.33	34 -9 > 42 -8
-34.05	34 -7 -1 > 42 -5 -8
-11.278	34 -7 -8 > 42 -5 -9
-36.102	42 -1 > 34 -8
-27.169	34 -2 -7 > 115 -6 -8
-8.993	115 -1 > 34 -2
188.83	35 -3 > 42 -4
-0.06	35 -7 > 49 -6
13.33	35 -9 > 49 -8
-34.05	35 -7 -1 > 49 -5 -8
-11.278	35 -7 -8 > 49 -5 -9
-36.102	49 -1 > 35 -8
-44.1232	53 > 36
-44.0632	57 -6 > 36 -7
-10.0732	57 -5 -8 > 36 -7 -1
-32.8452	57 -5 -9 > 36 -7 -8
25.43	37 -3 > 39 -4
-27.01	37 -7 > 40 -6
-13.62	37 -9 > 40 -8
-61	37 -7 -1 > 40 -5 -8
-38.228	37 -7 -8 > 40 -5 -9
-9.152	40 -1 > 37 -8
-2.13	54 > 37
-2.07	58 -6 > 37 -7
31.92	58 -5 -8 > 37 -7 -1
9.148	58 -5 -9 > 37 -7 -8
-36.37	85 > 37
-36.31	89 -6 > 37 -7
-2.32	89 -5 -8 > 37 -7 -1
-25.092	89 -5 -9 > 37 -7 -8
-39.6734	39 -3 -1 > 38 -4
1.17144	38 -7 > 41 -6
14.5614	38 -9 > 41 -8
-32.8186	38 -7 -1 > 41 -5 -8
-10.0466	38 -7 -8 > 41 -5 -9
-37.3334	41 -1 > 38 -8
-29	113 > 38
-28.9388	117 -6 > 38 -7
5.05117	117 -5 -8 > 38 -7 -1
-17.7208	117 -5 -9 > 38 -7 -8
-2.34	39 -3 -8 > 41 -4
-165.53	55 > 39
-165.47	59 -6 > 39 -7
-131.48	59 -5 -8 > 39 -7 -1
-154.252	59 -5 -9 > 39 -7 -8
-36.25	137 > 39
-36.19	141 -6 > 39 -7
-2.2	141 -5 -8 > 39 -7 -1
-24.972	141 -5 -9 > 39 -7 -8
-29.08	56 > 40
-29.02	60 -6 > 40 -7
4.97	60 -5 -8 > 40 -7 -1
-17.802	60 -5 -9 > 40 -7 -8
-37.73	157 > 40
-37.67	161 -6 > 40 -7
-3.68	161 -5 -8 > 40 -7 -1
-26.452	161 -5 -9 > 40 -7 -8
-36.25	172 > 41
-36.19	176 -6 > 41 -7
-2.2	176 -5 -8 > 41 -7 -1
-24.972	176 -5 -9 > 41 -7 -8
24.93	44 -3 > 46 -4
-26.03	44 -7 > 47 -6
-12.64	44 -9 > 47 -8
-60.02	44 -7 -1 > 47 -5 -8
-37.248	44 -7 -8 > 47 -5 -9
-10.132	47 -1 > 44 -8
-3.508	44 > 57 -1
-46.922	46 -3 -1 > 45 -4
8.42	45 -7 > 48 -6
21.81	45 -9 > 48 -8
-25.57	45 -7 -1 > 48 -5 -8
-2.798	45 -7 -8 > 48 -5 -9
-44.582	48 -1 > 45 -8
-2.34	46 -3 -8 > 48 -4
-3.12	58 > 46
188.83	50 -3 > 51 -4
-0.06	50 -7 > 52 -6
13.33	50 -9 > 52 -8
-34.05	50 -7 -1 > 52 -5 -8
-11.278	50 -7 -8 > 52 -5 -9
-36.102	52 -1 > 50 -8
-0.06	53 -7 > 57 -6
13.33	53 -9 > 57 -8
-34.05	53 -7 -1 > 57 -5 -8
-11.278	53 -7 -8 > 57 -5 -9
-36.102	57 -1 > 53 -8
188.83	54 -3 > 55 -4
-0.06	54 -7 > 56 -6
13.33	54 -9 > 56 -8
-34.05	54 -7 -1 > 56 -5 -8
-11.278	54 -7 -8 > 56 -5 -9
-36.102	56 -1 > 54 -8
-0.06	54 -7 > 58 -6
13.33	54 -9 > 58 -8
-34.05	54 -7 -1 > 58 -5 -8
-11.278	54 -7 -8 > 58 -5 -9
-36.102	58 -1 > 54 -8
-0.06	55 -7 > 59 -6
13.33	55 -9 > 59 -8
-34.05	55 -7 -1 > 59 -5 -8
-11.278	55 -7 -8 > 59 -5 -9
-36.102	59 -1 > 55 -8
-0.06	56 -7 > 60 -6
13.33	56 -9 > 60 -8
-34.05	56 -7 -1 > 60 -5 -8
-11.278	56 -7 -8 > 60 -5 -9
-36.102	60 -1 > 56 -8
188.83	58 -3 > 59 -4
-0.06	58 -7 > 60 -6
13.33	58 -9 > 60 -8
-34.05	58 -7 -1 > 60 -5 -8
-11.278	58 -7 -8 > 60 -5 -9
-36.102	60 -1 > 58 -8
28.79	61 -3 > 63 -4
-24.26	61 -7 > 64 -6
-10.87	61 -9 > 64 -8
-58.25	61 -7 -1 > 64 -5 -8
-35.478	61 -7 -8 > 64 -5 -9
-11.902	64 -1 > 61 -8
16.242	61 > 81 -1
-54.7411	63 -3 -1 > 62 -4
14.1491	62 -7 > 65 -6
27.5391	62 -9 > 65 -8
-19.8409	62 -7 -1 > 65 -5 -8
2.93113	62 -7 -8 > 65 -5 -9
-50.3111	65 -1 > 62 -8
32.5691	62 -3 > 94 -4
-20.4809	62 -7 > 95 -6
-7.09087	62 -9 > 95 -8
-54.4709	62 -7 -1 > 95 -5 -8
-31.6989	62 -7 -8 > 95 -5 -9
-15.6811	95 -1 > 62 -8
20.4511	62 > 109 -1
-4.43	63 -3 -8 > 65 -4
-19.39	82 > 63
28.79	63 -3 > 121 -4
-24.26	63 -7 > 122 -6
-10.87	63 -9 > 122 -8
-58.25	63 -7 -1 > 122 -5 -8
-35.478	63 -7 -8 > 122 -5 -9
-11.902	122 -1 > 63 -8
12.762	63 > 133 -1
28.79	64 -3 > 122 -4
-24.26	64 -7 > 145 -6
-10.87	64 -9 > 145 -8
-58.25	64 -7 -1 > 145 -5 -8
-35.478	64 -7 -8 > 145 -5 -9
-11.902	145 -1 > 64 -8
14.852	64 > 153 -1
28.79	65 -3 > 123 -4
-24.26	65 -7 > 146 -6
-10.87	65 -9 > 146 -8
-58.25	65 -7 -1 > 146 -5 -8
-35.478	65 -7 -8 > 146 -5 -9
-11.902	146 -1 > 65 -8
14.852	65 > 168 -1
37.1177	66 -3 > 68 -4
-38.0753	66 -7 > 69 -6
-24.6853	66 -9 > 69 -8
-72.0653	66 -7 -1 > 69 -5 -8
-49.2933	66 -7 -8 > 69 -5 -9
1.91327	69 -1 > 66 -8
26.1377	66 -3 > 71 -4
-2.50911	66 -7 > 76 -6
10.8809	66 -9 > 76 -8
-36.4991	66 -7 -1 > 76 -5 -8
-13.7271	66 -7 -8 > 76 -5 -9
-33.6529	76 -1 > 66 -8
-8.60711	66 > 82 -1
-6.33711	66 > 85 -1
-45.618	68 -3 -1 > 67 -4
13.8491	67 -7 > 70 -6
27.2391	67 -9 > 70 -8
-20.1409	67 -7 -1 > 70 -5 -8
2.63115	67 -7 -8 > 70 -5 -9
-50.0111	70 -1 > 67 -8
32.1177	67 -3 > 72 -4
-15.9916	67 -7 > 77 -6
-2.60162	67 -9 > 77 -8
-49.9816	67 -7 -1 > 77 -5 -8
-27.2096	67 -7 -8 > 77 -5 -9
-20.1704	77 -1 > 67 -8
30.0891	67 -3 > 98 -4
-21.9125	67 -7 > 99 -6
-8.52252	67 -9 > 99 -8
-55.9025	67 -7 -1 > 99 -5 -8
-33.1305	67 -7 -8 > 99 -5 -9
-14.2495	99 -1 > 67 -8
-21.8489	67 > 110 -1
-19.4503	67 > 113 -1
4.39316	68 -3 -8 > 70 -4
10.98	71 > 68
18.5332	68 -3 > 73 -4
-14.6968	68 -7 > 78 -6
-1.30684	68 -9 > 78 -8
-48.6868	68 -7 -1 > 78 -5 -8
-25.9148	68 -7 -8 > 78 -5 -9
-21.4652	78 -1 > 68 -8
11.8968	86 > 68
31.8132	68 -3 > 124 -4
-24.8918	68 -7 > 125 -6
-11.5018	68 -9 > 125 -8
-58.8818	68 -7 -1 > 125 -5 -8
-36.1098	68 -7 -8 > 125 -5 -9
-11.2702	125 -1 > 68 -8
-20.4148	68 > 134 -1
-18.1448	68 > 137 -1
42.6413	69 -3 > 74 -4
35.5662	69 > 76
9.53615	69 -7 > 79 -6
22.9262	69 -9 > 79 -8
-24.4538	69 -7 -1 > 79 -5 -8
-1.68185	69 -7 -8 > 79 -5 -9
-45.6982	79 -1 > 69 -8
29.4082	69 > 84 -1
50.3012	69 -3 > 125 -4
-12.4138	69 -7 > 147 -6
0.976152	69 -9 > 147 -8
-46.4038	69 -7 -1 > 147 -5 -8
-23.6318	69 -7 -8 > 147 -5 -9
-23.7482	147 -1 > 69 -8
3.81815	69 > 154 -1
6.08815	69 > 157 -1
11.8	70 -3 > 75 -4
29.8408	77 > 70
-21.43	70 -7 > 80 -6
-8.04	70 -9 > 80 -8
-55.42	70 -7 -1 > 80 -5 -8
-32.648	70 -7 -8 > 80 -5 -9
-14.732	80 -1 > 70 -8
32.14	70 -3 > 126 -4
-27.5716	70 -7 > 148 -6
-14.1816	70 -9 > 148 -8
-61.5616	70 -7 -1 > 148 -5 -8
-38.7896	70 -7 -8 > 148 -5 -9
-8.59042	148 -1 > 70 -8
-27.148	70 > 169 -1
-24.878	70 > 172 -1
29.5132	71 -3 > 73 -4
-21.5717	71 -7 > 74 -6
-8.18173	71 -9 > 74 -8
-55.5617	71 -7 -1 > 74 -5 -8
-32.7897	71 -7 -8 > 74 -5 -9
-14.5903	74 -1 > 71 -8
0.916844	86 > 71
0.976844	90 -6 > 71 -7
34.9668	90 -5 -8 > 71 -7 -1
12.1948	90 -5 -9 > 71 -7 -8
-32.0334	73 -3 -1 > 72 -4
-6.46856	72 -7 > 75 -6
6.92144	72 -9 > 75 -8
-40.4586	72 -7 -1 > 75 -5 -8
-17.6866	72 -7 -8 > 75 -5 -9
-29.6934	75 -1 > 72 -8
-2.02856	72 > 98
19.9214	72 -3 > 102 -4
-32.5186	72 -7 > 103 -6
-19.1286	72 -9 > 103 -8
-66.5086	72 -7 -1 > 103 -5 -8
-43.7366	72 -7 -8 > 103 -5 -9
-3.64344	103 -1 > 72 -8
20.0086	114 > 72
20.0686	118 -6 > 72 -7
54.0586	118 -5 -8 > 72 -7 -1
31.2866	118 -5 -9 > 72 -7 -8
-2.34	73 -3 -8 > 75 -4
-158.4	87 > 73
-158.34	91 -6 > 73 -7
-124.35	91 -5 -8 > 73 -7 -1
-147.122	91 -5 -9 > 73 -7 -8
13.28	73 > 124
25.43	73 -3 > 127 -4
-27.01	73 -7 > 128 -6
-13.62	73 -9 > 128 -8
-61	73 -7 -1 > 128 -5 -8
-38.228	73 -7 -8 > 128 -5 -9
-9.152	128 -1 > 73 -8
5.12	138 > 73
5.18	142 -6 > 73 -7
39.17	142 -5 -8 > 73 -7 -1
16.398	142 -5 -9 > 73 -7 -8
-20.5949	88 > 74
-20.5349	92 -6 > 74 -7
13.4551	92 -5 -8 > 74 -7 -1
-9.31688	92 -5 -9 > 74 -7 -8
7.65991	74 > 125
24.0749	74 -3 > 128 -4
-28.3651	74 -7 > 149 -6
-14.9751	74 -9 > 149 -8
-62.3551	74 -7 -1 > 149 -5 -8
-39.5831	74 -7 -8 > 149 -5 -9
-7.79688	149 -1 > 74 -8
4.99512	158 > 74
5.05512	162 -6 > 74 -7
39.0451	162 -5 -8 > 74 -7 -1
16.2731	162 -5 -9 > 74 -7 -8
20.34	75 > 126
25.43	75 -3 > 129 -4
-27.01	75 -7 > 150 -6
-13.62	75 -9 > 150 -8
-61	75 -7 -1 > 150 -5 -8
-38.228	75 -7 -8 > 150 -5 -9
-9.152	150 -1 > 75 -8
5.12	173 > 75
5.18	177 -6 > 75 -7
39.17	177 -5 -8 > 75 -7 -1
16.398	177 -5 -9 > 75 -7 -8
24.93	76 -3 > 78 -4
-26.03	76 -7 > 79 -6
-12.64	76 -9 > 79 -8
-60.02	76 -7 -1 > 79 -5 -8
-37.248	76 -7 -8 > 79 -5 -9
-10.132	79 -1 > 76 -8
-3.888	76 > 89 -1
-46.9128	78 -3 -1 > 77 -4
8.41077	77 -7 > 80 -6
21.8008	77 -9 > 80 -8
-25.5792	77 -7 -1 > 80 -5 -8
-2.80723	77 -7 -8 > 80 -5 -9
-44.5728	80 -1 > 77 -8
5.9209	99 > 77
24.9208	77 -3 > 106 -4
-26.0392	77 -7 > 107 -6
-12.6492	77 -9 > 107 -8
-60.0292	77 -7 -1 > 107 -5 -8
-37.2572	77 -7 -8 > 107 -5 -9
-10.1228	107 -1 > 77 -8
-3.51984	77 > 117 -1
-2.34	78 -3 -8 > 80 -4
-2.74	90 > 78
10.195	125 > 78
24.93	78 -3 > 130 -4
-26.03	78 -7 > 131 -6
-12.64	78 -9 > 131 -8
-60.02	78 -7 -1 > 131 -5 -8
-37.248	78 -7 -8 > 131 -5 -9
-10.132	131 -1 > 78 -8
-3.508	78 > 141 -1
24.93	79 -3 > 131 -4
21.95	147 > 79
-26.03	79 -7 > 151 -6
-12.64	79 -9 > 151 -8
-60.02	79 -7 -1 > 151 -5 -8
-37.248	79 -7 -8 > 151 -5 -9
-10.132	151 -1 > 79 -8
-3.508	79 > 161 -1
24.93	80 -3 > 132 -4
6.14158	148 > 80
-26.03	80 -7 > 152 -6
-12.64	80 -9 > 152 -8
-60.02	80 -7 -1 > 152 -5 -8
-37.248	80 -7 -8 > 152 -5 -9
-10.132	152 -1 > 80 -8
-3.508	80 > 176 -1
25.31	81 -3 > 133 -4
-25.65	81 -7 > 153 -6
-12.26	81 -9 > 153 -8
-59.64	81 -7 -1 > 153 -5 -8
-36.868	81 -7 -8 > 153 -5 -9
-10.512	153 -1 > 81 -8
188.83	82 -3 > 83 -4
-0.06	82 -7 > 84 -6
13.33	82 -9 > 84 -8
-34.05	82 -7 -1 > 84 -5 -8
-11.278	82 -7 -8 > 84 -5 -9
-36.102	84 -1 > 82 -8
25.31	82 -3 > 134 -4
-25.65	82 -7 > 154 -6
-12.26	82 -9 > 154 -8
-59.64	82 -7 -1 > 154 -5 -8
-36.868	82 -7 -8 > 154 -5 -9
-10.512	154 -1 > 82 -8
25.31	83 -3 > 135 -4
-25.65	83 -7 > 155 -6
-12.26	83 -9 > 155 -8
-59.64	83 -7 -1 > 155 -5 -8
-36.868	83 -7 -8 > 155 -5 -9
-10.512	155 -1 > 83 -8
25.31	84 -3 > 136 -4
-25.65	84 -7 > 156 -6
-12.26	84 -9 > 156 -8
-59.64	84 -7 -1 > 156 -5 -8
-36.868	84 -7 -8 > 156 -5 -9
-10.512	156 -1 > 84 -8
-0.06	85 -7 > 89 -6
13.33	85 -9 > 89 -8
-34.05	85 -7 -1 > 89 -5 -8
-11.278	85 -7 -8 > 89 -5 -9
-36.102	89 -1 > 85 -8
25.31	85 -3 > 137 -4
-25.65	85 -7 > 157 -6
-12.26	85 -9 > 157 -8
-59.64	85 -7 -1 > 157 -5 -8
-36.868	85 -7 -8 > 157 -5 -9
-10.512	157 -1 > 85 -8
188.83	86 -3 > 87 -4
-0.06	86 -7 > 88 -6
13.33	86 -9 > 88 -8
-34.05	86 -7 -1 > 88 -5 -8
-11.278	86 -7 -8 > 88 -5 -9
-36.102	88 -1 > 86 -8
-0.06	86 -7 > 90 -6
13.33	86 -9 > 90 -8
-34.05	86 -7 -1 > 90 -5 -8
-11.278	86 -7 -8 > 90 -5 -9
-36.102	90 -1 > 86 -8
25.31	86 -3 > 138 -4
-25.65	86 -7 > 158 -6
-12.26	86 -9 > 158 -8
-59.64	86 -7 -1 > 158 -5 -8
-36.868	86 -7 -8 > 158 -5 -9
-10.512	158 -1 > 86 -8
-0.06	87 -7 > 91 -6
13.33	87 -9 > 91 -8
-34.05	87 -7 -1 > 91 -5 -8
-11.278	87 -7 -8 > 91 -5 -9
-36.102	91 -1 > 87 -8
25.31	87 -3 > 139 -4
-25.65	87 -7 > 159 -6
-12.26	87 -9 > 159 -8
-59.64	87 -7 -1 > 159 -5 -8
-36.868	87 -7 -8 > 159 -5 -9
-10.512	159 -1 > 87 -8
-0.06	88 -7 > 92 -6
13.33	88 -9 > 92 -8
-34.05	88 -7 -1 > 92 -5 -8
-11.278	88 -7 -8 > 92 -5 -9
-36.102	92 -1 > 88 -8
25.31	88 -3 > 140 -4
-25.65	88 -7 > 160 -6
-12.26	88 -9 > 160 -8
-59.64	88 -7 -1 > 160 -5 -8
-36.868	88 -7 -8 > 160 -5 -9
-10.512	160 -1 > 88 -8
25.31	89 -3 > 141 -4
25.59	157 > 89
-25.65	89 -7 > 161 -6
-12.26	89 -9 > 161 -8
-59.64	89 -7 -1 > 161 -5 -8
-36.868	89 -7 -8 > 161 -5 -9
-10.512	161 -1 > 89 -8
188.83	90 -3 > 91 -4
-0.06	90 -7 > 92 -6
13.33	90 -9 > 92 -8
-34.05	90 -7 -1 > 92 -5 -8
-11.278	90 -7 -8 > 92 -5 -9
-36.102	92 -1 > 90 -8
25.31	90 -3 > 142 -4
25.59	158 > 90
-25.65	90 -7 > 162 -6
-12.26	90 -9 > 162 -8
-59.64	90 -7 -1 > 162 -5 -8
-36.868	90 -7 -8 > 162 -5 -9
-10.512	162 -1 > 90 -8
25.31	91 -3 > 143 -4
25.59	159 > 91
-25.65	91 -7 > 163 -6
-12.26	91 -9 > 163 -8
-59.64	91 -7 -1 > 163 -5 -8
-36.868	91 -7 -8 > 163 -5 -9
-10.512	163 -1 > 91 -8
25.31	92 -3 > 144 -4
25.59	160 > 92
-25.65	92 -7 > 164 -6
-12.26	92 -9 > 164 -8
-59.64	92 -7 -1 > 164 -5 -8
-36.868	92 -7 -8 > 164 -5 -9
-10.512	164 -1 > 92 -8
-50.962	94 -3 -1 > 93 -4
10.37	93 -7 > 96 -6
23.76	93 -9 > 96 -8
-23.62	93 -7 -1 > 96 -5 -8
-0.848	93 -7 -8 > 96 -5 -9
-46.532	96 -1 > 93 -8
-4.43	94 -3 -8 > 96 -4
-19.82	110 > 94
-50.962	121 -3 -1 > 94 -4
10.37	94 -7 > 123 -6
23.76	94 -9 > 123 -8
-23.62	94 -7 -1 > 123 -5 -8
-0.848	94 -7 -8 > 123 -5 -9
-46.532	123 -1 > 94 -8
-50.962	122 -3 -1 > 95 -4
10.37	95 -7 > 146 -6
23.76	95 -9 > 146 -8
-23.62	95 -7 -1 > 146 -5 -8
-0.848	95 -7 -8 > 146 -5 -9
-46.532	146 -1 > 95 -8
-50.962	123 -3 -1 > 96 -4
10.37	96 -7 > 165 -6
23.76	96 -9 > 165 -8
-23.62	96 -7 -1 > 165 -5 -8
-0.848	96 -7 -8 > 165 -5 -9
-46.532	165 -1 > 96 -8
-47.342	98 -3 -1 > 97 -4
15.9	97 -7 > 100 -6
29.29	97 -9 > 100 -8
-18.09	97 -7 -1 > 100 -5 -8
4.682	97 -7 -8 > 100 -5 -9
-52.062	100 -1 > 97 -8
31.75	97 -3 > 101 -4
-20.74	97 -7 > 105 -6
-7.35	97 -9 > 105 -8
-54.73	97 -7 -1 > 105 -5 -8
-31.958	97 -7 -8 > 105 -5 -9
-15.422	105 -1 > 97 -8
4.72	98 -3 -8 > 100 -4
21.95	98 -3 > 102 -4
-21.16	98 -7 > 106 -6
-7.77	98 -9 > 106 -8
-55.15	98 -7 -1 > 106 -5 -8
-32.378	98 -7 -8 > 106 -5 -9
-15.002	106 -1 > 98 -8
17.98	114 > 98
-47.342	124 -3 -1 > 98 -4
15.9	98 -7 > 126 -6
29.29	98 -9 > 126 -8
-18.09	98 -7 -1 > 126 -5 -8
4.682	98 -7 -8 > 126 -5 -9
-52.062	126 -1 > 98 -8
21.5117	99 -3 > 103 -4
-20.1183	99 -7 > 107 -6
-6.72833	99 -9 > 107 -8
-54.1083	99 -7 -1 > 107 -5 -8
-31.3363	99 -7 -8 > 107 -5 -9
-16.0437	107 -1 > 99 -8
0.00366504	99 > 112 -1
-42.6387	125 -3 -1 > 99 -4
8.19008	99 -7 > 148 -6
21.5801	99 -9 > 148 -8
-25.7999	99 -7 -1 > 148 -5 -8
-3.02792	99 -7 -8 > 148 -5 -9
-44.3521	148 -1 > 99 -8
14.89	100 -3 > 104 -4
36.64	105 > 100
-28.22	100 -7 > 108 -6
-14.83	100 -9 > 108 -8
-62.21	100 -7 -1 > 108 -5 -8
-39.438	100 -7 -8 > 108 -5 -9
-7.942	108 -1 > 100 -8
-47.342	126 -3 -1 > 100 -4
15.9	100 -7 > 166 -6
29.29	100 -9 > 166 -8
-18.09	100 -7 -1 > 166 -5 -8
4.682	100 -7 -8 > 166 -5 -9
-52.062	166 -1 > 100 -8
-37.542	102 -3 -1 > 101 -4
-0.96	101 -7 > 104 -6
12.43	101 -9 > 104 -8
-34.95	101 -7 -1 > 104 -5 -8
-12.178	101 -7 -8 > 104 -5 -9
-35.202	104 -1 > 101 -8
-2.34	102 -3 -8 > 104 -4
-148.9	115 > 102
-148.84	119 -6 > 102 -7
-114.85	119 -5 -8 > 102 -7 -1
-137.622	119 -5 -9 > 102 -7 -8
-37.542	127 -3 -1 > 102 -4
-0.96	102 -7 > 129 -6
12.43	102 -9 > 129 -8
-34.95	102 -7 -1 > 129 -5 -8
-12.178	102 -7 -8 > 129 -5 -9
-35.202	129 -1 > 102 -8
-12.45	116 > 103
-12.39	120 -6 > 103 -7
21.6	120 -5 -8 > 103 -7 -1
-1.172	120 -5 -9 > 103 -7 -8
-37.542	128 -3 -1 > 103 -4
-0.96	103 -7 > 150 -6
12.43	103 -9 > 150 -8
-34.95	103 -7 -1 > 150 -5 -8
-12.178	103 -7 -8 > 150 -5 -9
-35.202	150 -1 > 103 -8
-37.542	129 -3 -1 > 104 -4
-46.922	106 -3 -1 > 105 -4
8.42	105 -7 > 108 -6
21.81	105 -9 > 108 -8
-25.57	105 -7 -1 > 108 -5 -8
-2.798	105 -7 -8 > 108 -5 -9
-44.582	108 -1 > 105 -8
-2.34	106 -3 -8 > 108 -4
-3.12	118 > 106
37.06	106 > 126
-46.922	130 -3 -1 > 106 -4
8.42	106 -7 > 132 -6
21.81	106 -9 > 132 -8
-25.57	106 -7 -1 > 132 -5 -8
-2.798	106 -7 -8 > 132 -5 -9
-44.582	132 -1 > 106 -8
-46.922	131 -3 -1 > 107 -4
28.3084	107 > 148
8.42	107 -7 > 152 -6
21.81	107 -9 > 152 -8
-25.57	107 -7 -1 > 152 -5 -8
-2.798	107 -7 -8 > 152 -5 -9
-44.582	152 -1 > 107 -8
-46.922	132 -3 -1 > 108 -4
44.12	108 > 166
8.42	108 -7 > 167 -6
21.81	108 -9 > 167 -8
-25.57	108 -7 -1 > 167 -5 -8
-2.798	108 -7 -8 > 167 -5 -9
-44.582	167 -1 > 108 -8
-47.052	133 -3 -1 > 109 -4
8.55	109 -7 > 168 -6
21.94	109 -9 > 168 -8
-25.44	109 -7 -1 > 168 -5 -8
-2.668	109 -7 -8 > 168 -5 -9
-44.712	168 -1 > 109 -8
188.83	110 -3 > 111 -4
-0.06	110 -7 > 112 -6
13.33	110 -9 > 112 -8
-34.05	110 -7 -1 > 112 -5 -8
-11.278	110 -7 -8 > 112 -5 -9
-36.102	112 -1 > 110 -8
-47.052	134 -3 -1 > 110 -4
8.55	110 -7 > 169 -6
21.94	110 -9 > 169 -8
-25.44	110 -7 -1 > 169 -5 -8
-2.668	110 -7 -8 > 169 -5 -9
-44.712	169 -1 > 110 -8
-47.052	135 -3 -1 > 111 -4
8.55	111 -7 > 170 -6
21.94	111 -9 > 170 -8
-25.44	111 -7 -1 > 170 -5 -8
-2.668	111 -7 -8 > 170 -5 -9
-44.712	170 -1 > 111 -8
-47.052	136 -3 -1 > 112 -4
8.55	112 -7 > 171 -6
21.94	112 -9 > 171 -8
-25.44	112 -7 -1 > 171 -5 -8
-2.668	112 -7 -8 > 171 -5 -9
-44.712	171 -1 > 112 -8
-0.0611682	113 -7 > 117 -6
13.3288	113 -9 > 117 -8
-34.0512	113 -7 -1 > 117 -5 -8
-11.2792	113 -7 -8 > 117 -5 -9
-36.1008	117 -1 > 113 -8
-46.9234	137 -3 -1 > 113 -4
8.42144	113 -7 > 172 -6
21.8114	113 -9 > 172 -8
-25.5686	113 -7 -1 > 172 -5 -8
-2.79656	113 -7 -8 > 172 -5 -9
-44.5834	172 -1 > 113 -8
188.83	114 -3 > 115 -4
-0.06	114 -7 > 116 -6
13.33	114 -9 > 116 -8
-34.05	114 -7 -1 > 116 -5 -8
-11.278	114 -7 -8 > 116 -5 -9
-36.102	116 -1 > 114 -8
-0.06	114 -7 > 118 -6
13.33	114 -9 > 118 -8
-34.05	114 -7 -1 > 118 -5 -8
-11.278	114 -7 -8 > 118 -5 -9
-36.102	118 -1 > 114 -8
-46.922	138 -3 -1 > 114 -4
8.42	114 -7 > 173 -6
21.81	114 -9 > 173 -8
-25.57	114 -7 -1 > 173 -5 -8
-2.798	114 -7 -8 > 173 -5 -9
-44.582	173 -1 > 114 -8
-0.06	115 -7 > 119 -6
13.33	115 -9 > 119 -8
-34.05	115 -7 -1 > 119 -5 -8
-11.278	115 -7 -8 > 119 -5 -9
-36.102	119 -1 > 115 -8
-46.922	139 -3 -1 > 115 -4
8.42	115 -7 > 174 -6
21.81	115 -9 > 174 -8
-25.57	115 -7 -1 > 174 -5 -8
-2.798	115 -7 -8 > 174 -5 -9
-44.582	174 -1 > 115 -8
-0.06	116 -7 > 120 -6
13.33	116 -9 > 120 -8
-34.05	116 -7 -1 > 120 -5 -8
-11.278	116 -7 -8 > 120 -5 -9
-36.102	120 -1 > 116 -8
-46.922	140 -3 -1 > 116 -4
8.42	116 -7 > 175 -6
21.81	116 -9 > 175 -8
-25.57	116 -7 -1 > 175 -5 -8
-2.798	116 -7 -8 > 175 -5 -9
-44.582	175 -1 > 116 -8
-46.9246	141 -3 -1 > 117 -4
8.48261	117 > 172
8.42261	117 -7 > 176 -6
21.8126	117 -9 > 176 -8
-25.5674	117 -7 -1 > 176 -5 -8
-2.79539	117 -7 -8 > 176 -5 -9
-44.5846	176 -1 > 117 -8
188.83	118 -3 > 119 -4
-0.06	118 -7 > 120 -6
13.33	118 -9 > 120 -8
-34.05	118 -7 -1 > 120 -5 -8
-11.278	118 -7 -8 > 120 -5 -9
-36.102	120 -1 > 118 -8
-46.922	142 -3 -1 > 118 -4
8.48	118 > 173
8.42	118 -7 > 177 -6
21.81	118 -9 > 177 -8
-25.57	118 -7 -1 > 177 -5 -8
-2.798	118 -7 -8 > 177 -5 -9
-44.582	177 -1 > 118 -8
-46.922	143 -3 -1 > 119 -4
8.48	119 > 174
-46.922	144 -3 -1 > 120 -4
8.48	120 > 175
8.42	120 -7 > 178 -6
21.81	120 -9 > 178 -8
-25.57	120 -7 -1 > 178 -5 -8
-2.798	120 -7 -8 > 178 -5 -9
-44.582	178 -1 > 120 -8
-4.43	121 -3 -8 > 123 -4
-15.91	134 > 121
-4.43	122 -3 -8 > 146 -4
-18	154 > 122
-4.43	123 -3 -8 > 165 -4
-18	169 > 123
4.72	124 -3 -8 > 126 -4
12.15	124 -3 > 127 -4
-21.58	124 -7 > 130 -6
-8.19	124 -9 > 130 -8
-55.57	124 -7 -1 > 130 -5 -8
-32.798	124 -7 -8 > 130 -5 -9
-14.582	130 -1 > 124 -8
18.4	138 > 124
16.415	125 -3 > 128 -4
-15.835	125 -7 > 131 -6
-2.44503	125 -9 > 131 -8
-49.825	125 -7 -1 > 131 -5 -8
-27.053	125 -7 -8 > 131 -5 -9
-20.327	131 -1 > 125 -8
4.41697	125 > 136 -1
1.71339	125 -3 -8 > 148 -4
12.655	158 > 125
5.09	126 -3 > 129 -4
-28.64	126 -7 > 132 -6
-15.25	126 -9 > 132 -8
-62.63	126 -7 -1 > 132 -5 -8
-39.858	126 -7 -8 > 132 -5 -9
-7.522	132 -1 > 126 -8
4.72	126 -3 -8 > 166 -4
25.46	173 > 126
-2.34	127 -3 -8 > 129 -4
-158.28	139 > 127
-158.22	143 -6 > 127 -7
-124.23	143 -5 -8 > 127 -7 -1
-147.002	143 -5 -9 > 127 -7 -8
-21.83	140 > 128
-21.77	144 -6 > 128 -7
12.22	144 -5 -8 > 128 -7 -1
-10.552	144 -5 -9 > 128 -7 -8
-2.34	128 -3 -8 > 150 -4
-159.76	159 > 128
-159.7	163 -6 > 128 -7
-125.71	163 -5 -8 > 128 -7 -1
-148.482	163 -5 -9 > 128 -7 -8
-158.28	174 > 129
-2.34	130 -3 -8 > 132 -4
-3.12	142 > 130
-2.34	131 -3 -8 > 152 -4
-3.12	162 > 131
-2.34	132 -3 -8 > 167 -4
-3.12	177 > 132
-2.34	133 -3 -8 > 168 -4
188.83	134 -3 > 135 -4
-0.06	134 -7 > 136 -6
13.33	134 -9 > 136 -8
-34.05	134 -7 -1 > 136 -5 -8
-11.278	134 -7 -8 > 136 -5 -9
-36.102	136 -1 > 134 -8
-2.34	134 -3 -8 > 169 -4
-2.34	135 -3 -8 > 170 -4
-2.34	136 -3 -8 > 171 -4
-0.06	137 -7 > 141 -6
13.33	137 -9 > 141 -8
-34.05	137 -7 -1 > 141 -5 -8
-11.278	137 -7 -8 > 141 -5 -9
-36.102	141 -1 > 137 -8
-2.34	137 -3 -8 > 172 -4
188.83	138 -3 > 139 -4
-0.06	138 -7 > 140 -6
13.33	138 -9 > 140 -8
-34.05	138 -7 -1 > 140 -5 -8
-11.278	138 -7 -8 > 140 -5 -9
-36.102	140 -1 > 138 -8
-0.06	138 -7 > 142 -6
13.33	138 -9 > 142 -8
-34.05	138 -7 -1 > 142 -5 -8
-11.278	138 -7 -8 > 142 -5 -9
-36.102	142 -1 > 138 -8
-2.34	138 -3 -8 > 173 -4
-0.06	139 -7 > 143 -6
13.33	139 -9 > 143 -8
-34.05	139 -7 -1 > 143 -5 -8
-11.278	139 -7 -8 > 143 -5 -9
-36.102	143 -1 > 139 -8
-2.34	139 -3 -8 > 174 -4
-0.06	140 -7 > 144 -6
13.33	140 -9 > 144 -8
-34.05	140 -7 -1 > 144 -5 -8
-11.278	140 -7 -8 > 144 -5 -9
-36.102	144 -1 > 140 -8
-2.34	140 -3 -8 > 175 -4
-2.34	141 -3 -8 > 176 -4
188.83	142 -3 > 143 -4
-0.06	142 -7 > 144 -6
13.33	142 -9 > 144 -8
-34.05	142 -7 -1 > 144 -5 -8
-11.278	142 -7 -8 > 144 -5 -9
-36.102	144 -1 > 142 -8
-2.34	142 -3 -8 > 177 -4
-2.34	144 -3 -8 > 178 -4
26.69	147 -3 > 149 -4
-4.08	147 -7 > 151 -6
9.31	147 -9 > 151 -8
-38.07	147 -7 -1 > 151 -5 -8
-15.298	147 -7 -8 > 151 -5 -9
-32.082	151 -1 > 147 -8
16.172	147 > 156 -1
12.3616	148 -3 > 150 -4
-19.8884	148 -7 > 152 -6
-6.49842	148 -9 > 152 -8
-53.8784	148 -7 -1 > 152 -5 -8
-31.1064	148 -7 -8 > 152 -5 -9
-16.2736	152 -1 > 148 -8
0.363582	148 > 171 -1
-23.31	160 > 149
-23.25	164 -6 > 149 -7
10.74	164 -5 -8 > 149 -7 -1
-12.032	164 -5 -9 > 149 -7 -8
-21.83	175 > 150
-21.77	178 -6 > 150 -7
12.22	178 -5 -8 > 150 -7 -1
-10.552	178 -5 -9 > 150 -7 -8
188.83	154 -3 > 155 -4
-0.06	154 -7 > 156 -6
13.33	154 -9 > 156 -8
-34.05	154 -7 -1 > 156 -5 -8
-11.278	154 -7 -8 > 156 -5 -9
-36.102	156 -1 > 154 -8
-0.06	157 -7 > 161 -6
13.33	157 -9 > 161 -8
-34.05	157 -7 -1 > 161 -5 -8
-11.278	157 -7 -8 > 161 -5 -9
-36.102	161 -1 > 157 -8
188.83	158 -3 > 159 -4
-0.06	158 -7 > 160 -6
13.33	158 -9 > 160 -8
-34.05	158 -7 -1 > 160 -5 -8
-11.278	158 -7 -8 > 160 -5 -9
-36.102	160 -1 > 158 -8
-0.06	158 -7 > 162 -6
13.33	158 -9 > 162 -8
-34.05	158 -7 -1 > 162 -5 -8
-11.278	158 -7 -8 > 162 -5 -9
-36.102	162 -1 > 158 -8
-0.06	159 -7 > 163 -6
13.33	159 -9 > 163 -8
-34.05	159 -7 -1 > 163 -5 -8
-11.278	159 -7 -8 > 163 -5 -9
-36.102	163 -1 > 159 -8
-0.06	160 -7 > 164 -6
13.33	160 -9 > 164 -8
-34.05	160 -7 -1 > 164 -5 -8
-11.278	160 -7 -8 > 164 -5 -9
-36.102	164 -1 > 160 -8
188.83	162 -3 > 163 -4
-0.06	162 -7 > 164 -6
13.33	162 -9 > 164 -8
-34.05	162 -7 -1 > 164 -5 -8
-11.278	162 -7 -8 > 164 -5 -9
-36.102	164 -1 > 162 -8
-35.7	166 -7 > 167 -6
-22.31	166 -9 > 167 -8
-69.69	166 -7 -1 > 167 -5 -8
-46.918	166 -7 -8 > 167 -5 -9
-0.462	167 -1 > 166 -8
188.83	169 -3 > 170 -4
-0.06	169 -7 > 171 -6
13.33	169 -9 > 171 -8
-34.05	169 -7 -1 > 171 -5 -8
-11.278	169 -7 -8 > 171 -5 -9
-36.102	171 -1 > 169 -8
-0.06	172 -7 > 176 -6
13.33	172 -9 > 176 -8
-34.05	172 -7 -1 > 176 -5 -8
-11.278	172 -7 -8 > 176 -5 -9
-36.102	176 -1 > 172 -8
188.83	173 -3 > 174 -4
-0.06	173 -7 > 175 -6
13.33	173 -9 > 175 -8
-34.05	173 -7 -1 > 175 -5 -8
-11.278	173 -7 -8 > 175 -5 -9
-36.102	175 -1 > 173 -8
-0.06	173 -7 > 177 -6
13.33	173 -9 > 177 -8
-34.05	173 -7 -1 > 177 -5 -8
-11.278	173 -7 -8 > 177 -5 -9
-36.102	177 -1 > 173 -8
-0.06	175 -7 > 178 -6
13.33	175 -9 > 178 -8
-34.05	175 -7 -1 > 178 -5 -8
-11.278	175 -7 -8 > 178 -5 -9
-36.102	178 -1 > 175 -8
-0.06	177 -7 > 178 -6
13.33	177 -9 > 178 -8
-34.05	177 -7 -1 > 178 -5 -8
-11.278	177 -7 -8 > 178 -5 -9
-36.102	178 -1 > 177 -8
